0 0 0.2541 0.2533 0.2232 0.2694 
0 1 0.2564 0.2505 0.2243 0.2688 
0 2 0.2600 0.2465 0.2281 0.2655 
0 3 0.2598 0.2412 0.2255 0.2735 
0 4 0.2543 0.2465 0.2313 0.2678 
0 5 0.2461 0.2515 0.2440 0.2585 
0 6 0.2444 0.2486 0.2482 0.2588 
0 7 0.2474 0.2452 0.2482 0.2592 
0 8 0.2444 0.2463 0.2413 0.2680 
0 9 0.2498 0.2452 0.2315 0.2734 
0 10 0.2552 0.2487 0.2269 0.2692 
0 11 0.2481 0.2628 0.2347 0.2544 
0 12 0.2441 0.2614 0.2435 0.2510 
0 13 0.2445 0.2560 0.2411 0.2584 
